#T	<E>/N	<M>/N	chi/N	C/N
0.0001	-2	1	0	0
0.0101	-2	1	0	0
0.0201	-1.9999	0.999976	0.00238734	1.90037
0.0301	-1.99965	0.999912	0.00584074	3.10471
0.0401	-1.99987	0.999968	0.00159537	0.636557
0.0501	-1.99955	0.999888	0.0044648	1.42588
0.0601	-1.99974	0.999936	0.00212808	0.566544
0.0701	-1.99962	0.999904	0.00273566	0.624401
0.0801	-1.99997	0.999992	0.00019973	0.0398962
0.0901	-1.99962	0.999904	0.00212841	0.377964
0.1001	-1.99974	0.999936	0.0012777	0.204228
0.1101	-1.99984	0.99996	0.000726249	0.10554
0.1201	-1.99978	0.999944	0.000931903	0.12415
0.1301	-1.99971	0.999928	0.00110584	0.135999
0.1401	-1.99984	0.99996	0.000570735	0.0651803
0.1501	-1.99965	0.999912	0.00117126	0.124851
0.1601	-1.99984	0.99996	0.000499438	0.0499126
0.1701	-1.99962	0.999904	0.00112739	0.106045
0.1801	-1.99942	0.999856	0.00159623	0.141809
0.1901	-1.99974	0.999936	0.000672791	0.0566263
0.2001	-1.99936	0.99984	0.001596	0.127616
0.2101	-1.99978	0.999944	0.000685015	0.0521668
0.2201	-1.9999	0.999976	0.000218017	0.0158486
0.2301	-1.99949	0.999872	0.00111078	0.077238
0.2401	-1.99965	0.999912	0.000732222	0.0487944
0.2501	-1.9999	0.999976	0.000191866	0.0122745
0.2601	-1.99978	0.999944	0.000430302	0.02647
0.2701	-1.99965	0.999912	0.000650894	0.0385572
0.2801	-1.99981	0.999952	0.000342529	0.0195661
0.2901	-1.99974	0.999936	0.000440874	0.0243157
0.3001	-1.99997	0.999992	5.33102e-05	0.00284226
0.3101	-1.99971	0.999928	0.000463948	0.023938
0.3201	-1.99987	0.999968	0.000199858	0.00998976
0.3301	-1.99994	0.999984	9.69209e-05	0.00469777
0.3401	-1.99981	0.999952	0.000282101	0.0132714
0.3501	-1.99987	0.999968	0.000182732	0.00835107
0.3601	-1.99994	0.999984	8.88464e-05	0.00394763
0.3701	-1.99978	0.999944	0.000302409	0.0130736
0.3801	-1.99962	0.999904	0.000504524	0.0212375
0.3901	-1.99984	0.99996	0.000204973	0.008407
0.4001	-1.99971	0.999928	0.000359586	0.0143798
0.4101	-1.99997	0.999992	3.9011e-05	0.00152201
0.4201	-1.99952	0.99988	0.000570436	0.0217257
0.4301	-1.99997	0.999992	3.71969e-05	0.00138375
0.4401	-1.99981	0.999952	0.000218001	0.00792552
0.4501	-1.99987	0.999968	0.000142134	0.00505252
0.4601	-1.99968	0.99992	0.000347403	0.0120809
0.4701	-1.99971	0.999928	0.000306042	0.0104162
0.4801	-1.99958	0.999896	0.00043268	0.0144197
0.4901	-1.99965	0.999912	0.000358715	0.0117108
0.5001	-1.99981	0.999952	0.000191846	0.00613786
0.5101	-1.99978	0.999944	0.000219411	0.00688214
0.5201	-1.9999	0.999976	9.22623e-05	0.00283829
0.5301	-1.99958	0.999896	0.000391869	0.0118278
0.5401	-1.99958	0.999896	0.000384613	0.0113938
0.5501	-1.99978	0.999944	0.000203457	0.00591767
0.5601	-1.99971	0.999928	0.000256866	0.00733771
0.5701	-1.99984	0.99996	0.000140256	0.00393632
0.5801	-1.99987	0.999968	0.000110282	0.00304173
0.5901	-1.9999	0.999976	8.13177e-05	0.00220485
0.6001	-1.99971	0.99992	0.000373004	0.00745842
0.6101	-1.99962	0.999904	0.000314325	0.00824324
0.6201	-1.99955	0.999888	0.000360726	0.00930757
0.6301	-1.99968	0.99992	0.000253674	0.00644149
0.6401	-1.99987	0.999968	9.99444e-05	0.00249822
0.6501	-1.99968	0.99992	0.00024587	0.00605125
0.6601	-1.99965	0.999912	0.000266333	0.00645558
0.6701	-1.99981	0.999952	0.000143176	0.00341862
0.6801	-1.99958	0.999896	0.00030544	0.00718576
0.6901	-1.99974	0.999936	0.000185332	0.00429693
0.7001	-1.99971	0.999928	0.0002055	0.00469647
0.7101	-1.9999	0.999976	6.75758e-05	0.00152262
0.7201	-1.99971	0.999928	0.000199792	0.00443921
0.7301	-1.99981	0.999952	0.00013141	0.00287982
0.7401	-1.99978	0.999944	0.000151225	0.00326929
0.7501	-1.99966	0.999912	0.000277038	0.00511362
0.7601	-1.99971	0.999928	0.000189278	0.00398428
0.7701	-1.99952	0.99988	0.00031118	0.00646525
0.7801	-1.99946	0.999864	0.000348081	0.0071392
0.7901	-1.99928	0.999816	0.000505194	0.00951376
0.8001	-1.9993	0.999824	0.000438977	0.00877845
0.8101	-1.99949	0.999872	0.000315505	0.00623142
0.8201	-1.99965	0.999912	0.000214372	0.00418236
0.8301	-1.99907	0.999768	0.000557348	0.0107428
0.8401	-1.9992	0.9998	0.000474943	0.00904547
0.8501	-1.99952	0.99988	0.000281896	0.00530566
0.8601	-1.99915	0.999784	0.000538116	0.00940563
0.8701	-1.99931	0.999824	0.000440439	0.00750807
0.8801	-1.99901	0.999744	0.000688969	0.0113706
0.8901	-1.99834	0.999584	0.000929866	0.0167148
0.9001	-1.99859	0.999648	0.000778694	0.0138419
0.9101	-1.99845	0.9996	0.000980112	0.0156128
0.9201	-1.99837	0.999592	0.000882337	0.0153433
0.9301	-1.99789	0.999464	0.00121365	0.019846
0.9401	-1.99766	0.999416	0.00123335	0.020991
0.9501	-1.99856	0.99964	0.000754405	0.0127044
0.9601	-1.9983	0.999576	0.00087856	0.0146411
0.9701	-1.99795	0.999488	0.00104881	0.0172981
0.9801	-1.99771	0.999384	0.00183503	0.02205
0.9901	-1.99723	0.999296	0.00150652	0.0229812
1.0001	-1.99624	0.999032	0.00216836	0.0315762
1.0101	-1.99709	0.999256	0.00161782	0.0238792
1.0201	-1.99635	0.999072	0.00198654	0.0294476
1.0301	-1.99576	0.998912	0.00239434	0.0342572
1.0401	-1.99645	0.999096	0.00184172	0.0266855
1.0501	-1.9952	0.99876	0.0027517	0.0372029
1.0601	-1.99446	0.998584	0.00286565	0.0400937
1.0701	-1.9955	0.998816	0.00283801	0.0343779
1.0801	-1.99558	0.998864	0.00231065	0.0311812
1.0901	-1.994	0.998432	0.00340752	0.042598
1.1001	-1.9935	0.998328	0.00341252	0.0449249
1.1101	-1.99379	0.998392	0.00332885	0.0426354
1.1201	-1.99184	0.997888	0.00441433	0.056418
1.1301	-1.99229	0.998016	0.00382054	0.049249
1.1401	-1.99218	0.998	0.00375757	0.0489954
1.1501	-1.98965	0.997312	0.00565809	0.0679873
1.1601	-1.99189	0.997928	0.00381059	0.048662
1.1701	-1.99096	0.99764	0.00473529	0.0555833
1.1801	-1.99091	0.9976	0.00494873	0.0566977
1.1901	-1.9865	0.996424	0.00770381	0.0824556
1.2001	-1.988	0.996872	0.00615565	0.0712659
1.2101	-1.98733	0.996664	0.00655299	0.0730441
1.2201	-1.98734	0.99668	0.00652769	0.0725893
1.2301	-1.98402	0.995856	0.00763733	0.0884494
1.2401	-1.98384	0.995704	0.00867237	0.0894753
1.2501	-1.98402	0.995712	0.00994827	0.0917849
1.2601	-1.98181	0.995176	0.00975972	0.100028
1.2701	-1.98453	0.995888	0.00853577	0.0849612
1.2801	-1.98214	0.995344	0.00855093	0.0924642
1.2901	-1.97952	0.994624	0.0105523	0.108137
1.3001	-1.98021	0.99484	0.00927187	0.0974613
1.3101	-1.97602	0.993656	0.0123119	0.122167
1.3201	-1.97902	0.994408	0.0108372	0.103754
1.3301	-1.97594	0.993552	0.0126912	0.118647
1.3401	-1.97565	0.993616	0.0110358	0.112769
1.3501	-1.97616	0.993608	0.0131683	0.11671
1.3601	-1.97354	0.992968	0.0133606	0.127816
1.3701	-1.97021	0.992032	0.015868	0.140579
1.3801	-1.97019	0.992088	0.0142504	0.134336
1.3901	-1.97101	0.992352	0.0133355	0.127898
1.4001	-1.96923	0.991664	0.0164265	0.139709
1.4101	-1.96901	0.991688	0.0154207	0.136338
1.4201	-1.96443	0.990328	0.0190278	0.160035
1.4301	-1.96435	0.990456	0.0174161	0.151258
1.4401	-1.9599	0.989016	0.0214261	0.169236
1.4501	-1.9613	0.989472	0.0214806	0.165079
1.4601	-1.95712	0.98756	0.0366572	0.190261
1.4701	-1.95646	0.988104	0.0235944	0.184983
1.4801	-1.95482	0.987808	0.0219849	0.179099
1.4901	-1.95158	0.986072	0.0383318	0.213132
1.5001	-1.95094	0.986456	0.0267755	0.194476
1.5101	-1.95171	0.98676	0.0252285	0.188182
1.5201	-1.94941	0.986208	0.0247224	0.193497
1.5301	-1.94322	0.984288	0.0303486	0.224909
1.5401	-1.94003	0.982336	0.0534664	0.254425
1.5501	-1.94138	0.983568	0.0333409	0.221381
1.5601	-1.93896	0.982952	0.0343863	0.231176
1.5701	-1.9405	0.983496	0.0304633	0.216774
1.5801	-1.93435	0.981568	0.0362018	0.241406
1.5901	-1.9284	0.979584	0.0456498	0.256728
1.6001	-1.93186	0.980752	0.0426285	0.245397
1.6101	-1.92669	0.97936	0.0404681	0.2616
1.6201	-1.92291	0.977888	0.047464	0.275989
1.6301	-1.92307	0.97796	0.0471136	0.269377
1.6401	-1.91382	0.97512	0.0534679	0.300573
1.6501	-1.9147	0.97552	0.0516588	0.284482
1.6601	-1.91368	0.974872	0.0552296	0.299674
1.6701	-1.90654	0.972592	0.0665469	0.328377
1.6801	-1.90253	0.970776	0.0740581	0.348774
1.6901	-1.90259	0.971728	0.0606741	0.320749
1.7001	-1.89904	0.97048	0.0625506	0.328784
1.7101	-1.89086	0.967472	0.0752682	0.357514
1.7201	-1.88659	0.965728	0.0877041	0.385764
1.7301	-1.88888	0.966696	0.0814745	0.362837
1.7401	-1.88242	0.965088	0.081205	0.367144
1.7501	-1.87738	0.963112	0.0902611	0.393428
1.7601	-1.88098	0.963576	0.0963947	0.393904
1.7701	-1.87269	0.961736	0.0873468	0.392785
1.7801	-1.86118	0.956312	0.125249	0.450896
1.7901	-1.85923	0.955936	0.121345	0.443532
1.8001	-1.85664	0.955648	0.116086	0.447276
1.8101	-1.85426	0.95388	0.133345	0.459805
1.8201	-1.84589	0.95156	0.128105	0.490253
1.8301	-1.83634	0.947712	0.146231	0.50542
1.8401	-1.84	0.949376	0.138494	0.483123
1.8501	-1.84574	0.953368	0.10481	0.438839
1.8601	-1.83458	0.947888	0.134434	0.489798
1.8701	-1.81822	0.942584	0.146217	0.529194
1.8801	-1.81822	0.940712	0.177154	0.548131
1.8901	-1.82221	0.944464	0.132639	0.49216
1.9001	-1.80352	0.93688	0.169918	0.560272
1.9101	-1.79365	0.93308	0.177915	0.566131
1.9201	-1.80022	0.934816	0.184015	0.564767
1.9301	-1.79789	0.935	0.167398	0.547064
1.9401	-1.78392	0.929048	0.192989	0.598081
1.9501	-1.7899	0.931504	0.184485	0.558038
1.9601	-1.77168	0.92492	0.201665	0.608663
1.9701	-1.7648	0.92244	0.211301	0.61685
1.9801	-1.76762	0.922912	0.216932	0.610086
1.9901	-1.7745	0.92568	0.201394	0.571143
2.0001	-1.74797	0.915624	0.234333	0.660277
2.0101	-1.73408	0.908056	0.279517	0.701466
2.0201	-1.73637	0.909376	0.270637	0.69539
2.0301	-1.72861	0.908032	0.254003	0.661306
2.0401	-1.69499	0.890512	0.357201	0.793389
2.0501	-1.72912	0.90712	0.269964	0.674085
2.0601	-1.70078	0.896184	0.299378	0.721374
2.0701	-1.69774	0.891344	0.350522	0.767287
2.0801	-1.69165	0.891112	0.32087	0.757812
2.0901	-1.68421	0.888344	0.327772	0.762548
2.1001	-1.68155	0.887176	0.336575	0.751966
2.1101	-1.67816	0.88696	0.323369	0.75931
2.1201	-1.65834	0.875416	0.395507	0.820153
2.1301	-1.65275	0.874464	0.380843	0.794589
2.1401	-1.64557	0.869376	0.412374	0.826641
2.1501	-1.63811	0.868904	0.382982	0.807282
2.1601	-1.6288	0.864656	0.403523	0.825685
2.1701	-1.62214	0.86308	0.389679	0.819186
2.1801	-1.62779	0.864464	0.395291	0.799971
2.1901	-1.58467	0.842112	0.494319	0.895502
2.2001	-1.59387	0.848376	0.454564	0.858756
2.2101	-1.59109	0.847192	0.460563	0.862685
2.2201	-1.59154	0.848696	0.436469	0.839675
2.2301	-1.57138	0.837056	0.493097	0.892668
2.2401	-1.55712	0.83312	0.480622	0.87701
2.2501	-1.55605	0.832768	0.479454	0.869835
2.2601	-1.57158	0.841776	0.439776	0.832801
2.2701	-1.54304	0.828792	0.47553	0.885688
2.2801	-1.53046	0.818504	0.532545	0.908695
2.2901	-1.5453	0.825376	0.518558	0.893086
2.3001	-1.51784	0.81476	0.522841	0.888001
2.3101	-1.4839	0.793696	0.615675	0.964325
2.3201	-1.49717	0.805	0.552783	0.90945
2.3301	-1.48174	0.79676	0.567925	0.920026
2.3401	-1.45784	0.78356	0.619007	0.957436
2.3501	-1.48378	0.797168	0.5786	0.924806
2.3601	-1.45309	0.782456	0.616551	0.949774
2.3701	-1.43459	0.772064	0.636507	0.967884
2.3801	-1.44147	0.779912	0.587548	0.901297
2.3901	-1.43051	0.773536	0.604277	0.919558
2.4001	-1.43846	0.778608	0.590942	0.918513
2.4101	-1.42128	0.76852	0.616138	0.910422
2.4201	-1.40565	0.760672	0.635473	0.932111
2.4301	-1.39677	0.755464	0.654649	0.948178
2.4401	-1.39315	0.753488	0.656155	0.935787
2.4501	-1.3493	0.730904	0.702993	0.968715
2.4601	-1.33979	0.727136	0.702127	0.968609
2.4701	-1.36488	0.741176	0.6604	0.915827
2.4801	-1.35794	0.738488	0.65667	0.916527
2.4901	-1.35317	0.735944	0.673713	0.936423
2.5001	-1.33221	0.725416	0.672678	0.907409
2.5101	-1.33322	0.72664	0.677883	0.92541
2.5201	-1.29389	0.704056	0.713374	0.912849
2.5301	-1.31619	0.719512	0.671453	0.885689
2.5401	-1.26867	0.6914	0.730188	0.920425
2.5501	-1.278	0.698936	0.708883	0.903561
2.5601	-1.27366	0.694272	0.720858	0.896164
2.5701	-1.27166	0.695056	0.706287	0.896204
2.5801	-1.25683	0.68864	0.697482	0.88144
2.5901	-1.23381	0.677432	0.713194	0.874896
2.6001	-1.22738	0.673008	0.71501	0.859771
2.6101	-1.22619	0.671248	0.726068	0.878999
2.6201	-1.2325	0.6752	0.720314	0.887307
2.6301	-1.21085	0.664896	0.714969	0.846447
2.6401	-1.18723	0.64796	0.761601	0.871893
2.6501	-1.17568	0.64636	0.731413	0.851771
2.6601	-1.19402	0.658048	0.711162	0.831804
2.6701	-1.15602	0.632504	0.76494	0.846153
2.6801	-1.17104	0.642488	0.749586	0.853065
2.6901	-1.13803	0.622816	0.755735	0.815645
2.7001	-1.13549	0.620896	0.756664	0.82397
2.7101	-1.14166	0.623064	0.760614	0.813895
2.7201	-1.13918	0.624136	0.745777	0.806742
2.7301	-1.11678	0.616416	0.725101	0.782001
2.7401	-1.11366	0.613888	0.731831	0.78536
2.7501	-1.11477	0.612048	0.737202	0.781173
2.7601	-1.07846	0.59232	0.745456	0.75982
2.7701	-1.08149	0.59792	0.724683	0.763039
2.7801	-1.06542	0.58616	0.728335	0.740583
2.7901	-1.08499	0.595752	0.751026	0.766564
2.8001	-1.05806	0.585216	0.709955	0.720271
2.8101	-1.05362	0.581088	0.715676	0.710154
2.8201	-1.07366	0.591912	0.729	0.732525
2.8301	-1.05384	0.580664	0.720703	0.715555
2.8401	-1.05053	0.580224	0.700758	0.692359
2.8501	-1.02821	0.566632	0.710809	0.691039
2.8601	-1.03355	0.573128	0.69664	0.684666
2.8701	-1.03078	0.569728	0.712205	0.701674
2.8801	-1.01408	0.558504	0.702845	0.666494
2.8901	-0.996784	0.54936	0.699032	0.663804
2.9001	-0.981392	0.542424	0.69392	0.650786
2.9101	-0.991088	0.551616	0.693739	0.664165
2.9201	-0.975936	0.541832	0.697041	0.662479
2.9301	-0.969264	0.539504	0.678615	0.627936
2.9401	-0.965808	0.530392	0.682101	0.622578
2.9501	-0.968048	0.53572	0.684207	0.630836
2.9601	-0.950352	0.524208	0.679136	0.602776
2.9701	-0.956432	0.532936	0.663	0.610371
2.9801	-0.933712	0.516048	0.652873	0.580649
2.9901	-0.94328	0.521664	0.672896	0.606884
3.0001	-0.948032	0.523152	0.671777	0.603608
3.0101	-0.940912	0.520904	0.661611	0.578114
3.0201	-0.913712	0.503592	0.654889	0.56678
3.0301	-0.915072	0.507032	0.650668	0.56928
3.0401	-0.931008	0.518264	0.647117	0.576622
3.0501	-0.894752	0.496456	0.631475	0.54333
3.0601	-0.925904	0.515104	0.652133	0.577285
3.0701	-0.898416	0.496224	0.643694	0.544826
3.0801	-0.893392	0.498432	0.632682	0.538639
3.0901	-0.882	0.491288	0.615172	0.521046
3.1001	-0.878304	0.488056	0.627792	0.532537
3.1101	-0.871632	0.485624	0.609938	0.510742
3.1201	-0.872336	0.483024	0.629301	0.528763
3.1301	-0.862816	0.47948	0.612569	0.510527
3.1401	-0.868576	0.485824	0.608404	0.515954
3.1501	-0.856944	0.474712	0.612086	0.504211
3.1601	-0.859056	0.481608	0.596244	0.496887
3.1701	-0.847984	0.473424	0.579315	0.465844
3.1801	-0.832336	0.463728	0.591339	0.474822
3.1901	-0.825472	0.459592	0.57647	0.461341
3.2001	-0.829392	0.460032	0.584777	0.468174
3.2101	-0.831696	0.46584	0.57148	0.455555
3.2201	-0.800464	0.441888	0.552442	0.429919
3.2301	-0.811264	0.453328	0.55097	0.43438
3.2401	-0.807744	0.450816	0.562142	0.441665
3.2501	-0.79888	0.44728	0.548804	0.427082
3.2601	-0.81016	0.45344	0.553444	0.431572
3.2701	-0.797872	0.44556	0.547803	0.422512
3.2801	-0.79368	0.44408	0.543115	0.417324
3.2901	-0.784592	0.43996	0.533601	0.416037
3.3001	-0.795264	0.444792	0.539955	0.415729
3.3101	-0.783872	0.43776	0.541413	0.418684
3.3201	-0.800688	0.448968	0.536173	0.41096
3.3301	-0.78384	0.437816	0.537149	0.412074
3.3401	-0.769168	0.429912	0.511659	0.385865
3.3501	-0.77744	0.43628	0.529796	0.399113
3.3601	-0.758336	0.423936	0.510827	0.379002
3.3701	-0.768528	0.434472	0.522587	0.399404
3.3801	-0.765936	0.43136	0.519035	0.386825
3.3901	-0.766928	0.431344	0.511055	0.382553
3.4001	-0.753216	0.428992	0.49421	0.368682
3.4101	-0.744096	0.41776	0.495644	0.35982
3.4201	-0.746944	0.41876	0.498999	0.369949
3.4301	-0.746	0.423784	0.49385	0.371366
3.4401	-0.745552	0.421264	0.487342	0.36092
3.4501	-0.742	0.4152	0.49407	0.354357
3.4601	-0.72832	0.409584	0.477371	0.344652
3.4701	-0.72496	0.40872	0.477926	0.343452
3.4801	-0.709808	0.401008	0.461414	0.332888
3.4901	-0.724688	0.41172	0.476848	0.349699
3.5001	-0.728576	0.413496	0.477808	0.344187
3.5101	-0.702064	0.396688	0.460882	0.332713
3.5201	-0.711648	0.403696	0.460744	0.331411
3.5301	-0.710592	0.4004	0.461049	0.321445
3.5401	-0.69904	0.392824	0.454792	0.320668
3.5501	-0.702848	0.398832	0.453539	0.320452
3.5601	-0.70728	0.398864	0.45596	0.318951
3.5701	-0.690688	0.392416	0.428609	0.298008
3.5801	-0.682464	0.384648	0.440013	0.306528
3.5901	-0.681856	0.385888	0.433035	0.303572
3.6001	-0.68208	0.38532	0.437816	0.30513
3.6101	-0.671744	0.377424	0.420561	0.288102
3.6201	-0.678704	0.38344	0.419292	0.28419
3.6301	-0.67288	0.38112	0.426633	0.289993
3.6401	-0.674384	0.385688	0.42179	0.293186
3.6501	-0.666928	0.378296	0.412894	0.275588
3.6601	-0.65776	0.37432	0.401194	0.265973
3.6701	-0.654944	0.370208	0.409472	0.273828
3.6801	-0.650608	0.368232	0.407394	0.282187
3.6901	-0.646464	0.368808	0.401766	0.274557
3.7001	-0.652432	0.37412	0.399529	0.267475
3.7101	-0.645456	0.368736	0.39411	0.260078
3.7201	-0.645904	0.366128	0.394825	0.266053
3.7301	-0.651968	0.369376	0.403509	0.271784
3.7401	-0.641872	0.363424	0.387402	0.253819
3.7501	-0.632464	0.35872	0.388911	0.261938
3.7601	-0.634464	0.36456	0.382098	0.249783
3.7701	-0.641968	0.36892	0.389111	0.262132
3.7801	-0.637488	0.36504	0.381299	0.248497
3.7901	-0.628352	0.361424	0.386923	0.252853
3.8001	-0.627888	0.357744	0.379519	0.252905
3.8101	-0.623808	0.359224	0.377448	0.25041
3.8201	-0.616016	0.351664	0.363171	0.237399
3.8301	-0.617888	0.353584	0.363377	0.233612
3.8401	-0.626288	0.362648	0.364391	0.242307
3.8501	-0.611136	0.35176	0.365123	0.241828
3.8601	-0.621168	0.35912	0.363633	0.238149
3.8701	-0.606416	0.349576	0.352922	0.230613
3.8801	-0.617632	0.356072	0.368811	0.240067
3.8901	-0.597168	0.341696	0.35479	0.231369
3.9001	-0.605376	0.351024	0.347118	0.223537
3.9101	-0.601488	0.347288	0.342745	0.219645
3.9201	-0.596224	0.34512	0.344636	0.220494
3.9301	-0.590528	0.34088	0.343518	0.217288
3.9401	-0.595296	0.341376	0.33894	0.217528
3.9501	-0.59568	0.346192	0.345608	0.223595
3.9601	-0.591024	0.344256	0.340875	0.217187
3.9701	-0.5936	0.343056	0.340608	0.219148
3.9801	-0.577104	0.335144	0.322459	0.203939
3.9901	-0.585792	0.338872	0.333423	0.210063
4.0001	-0.587216	0.341976	0.335357	0.212268
4.0101	-0.577024	0.332704	0.316759	0.19719
4.0201	-0.5656	0.326768	0.314231	0.195889
4.0301	-0.570224	0.3334	0.313304	0.198648
4.0401	-0.568272	0.33056	0.317219	0.193949
4.0501	-0.56944	0.332872	0.313336	0.196406
4.0601	-0.573264	0.33692	0.321287	0.198775
4.0701	-0.570064	0.335	0.306667	0.188246
4.0801	-0.554976	0.324488	0.301955	0.189418
4.0901	-0.565168	0.330768	0.311131	0.194379
4.1001	-0.56168	0.329088	0.303317	0.18714
4.1101	-0.557024	0.326272	0.307062	0.190294
4.1201	-0.561888	0.326992	0.30351	0.187736
4.1301	-0.554704	0.32648	0.296758	0.183719
4.1401	-0.55712	0.327168	0.304525	0.190086
4.1501	-0.55008	0.321928	0.290731	0.175975
4.1601	-0.559488	0.331272	0.301752	0.185028
4.1701	-0.551056	0.32552	0.29101	0.173475
4.1801	-0.557952	0.325824	0.29752	0.184047
4.1901	-0.550768	0.326952	0.29622	0.183182
4.2001	-0.549808	0.326112	0.298963	0.183459
4.2101	-0.558688	0.331608	0.298488	0.18122
4.2201	-0.533376	0.315576	0.280378	0.168474
4.2301	-0.535328	0.314344	0.280027	0.168877
4.2401	-0.528256	0.312008	0.278319	0.168644
4.2501	-0.533408	0.31168	0.27115	0.161975
4.2601	-0.535136	0.316496	0.279756	0.169413
4.2701	-0.534112	0.318952	0.279256	0.171119
4.2801	-0.531824	0.314808	0.278774	0.168157
4.2901	-0.539072	0.321408	0.281343	0.168855
4.3001	-0.53208	0.314744	0.274713	0.164033
4.3101	-0.520576	0.310992	0.264336	0.158065
4.3201	-0.519696	0.308072	0.2634	0.157409
4.3301	-0.52848	0.316136	0.272691	0.164832
4.3401	-0.515792	0.310976	0.265759	0.159607
4.3501	-0.52224	0.311968	0.261339	0.151648
4.3601	-0.516768	0.310504	0.263147	0.157622
4.3701	-0.508928	0.302312	0.255881	0.151685
4.3801	-0.511056	0.306728	0.256216	0.15166
4.3901	-0.511664	0.306696	0.257137	0.150569
4.4001	-0.507648	0.30324	0.253067	0.148375
4.4101	-0.50144	0.299392	0.246527	0.148226
4.4201	-0.49472	0.294376	0.239807	0.141466
4.4301	-0.50368	0.302864	0.252965	0.150082
4.4401	-0.509152	0.305232	0.246903	0.142807
4.4501	-0.506128	0.304248	0.250279	0.148756
4.4601	-0.50976	0.310968	0.25459	0.153896
4.4701	-0.5032	0.30308	0.252174	0.149127
4.4801	-0.49824	0.301024	0.239257	0.142711
4.4901	-0.494944	0.297584	0.240547	0.13978
4.5001	-0.501056	0.302168	0.243832	0.142459
4.5101	-0.503104	0.304544	0.245397	0.14054
4.5201	-0.493744	0.301848	0.239985	0.141543
4.5301	-0.495024	0.301256	0.243968	0.140856
4.5401	-0.485504	0.293976	0.23358	0.137461
4.5501	-0.491344	0.29744	0.236446	0.139243
4.5601	-0.4848	0.293984	0.232614	0.135374
4.5701	-0.48544	0.295048	0.238276	0.13893
4.5801	-0.487984	0.29792	0.234665	0.133554
4.5901	-0.481072	0.29204	0.228166	0.133071
4.6001	-0.47952	0.29512	0.232019	0.131067
4.6101	-0.477216	0.290792	0.232203	0.131526
4.6201	-0.473296	0.289984	0.226448	0.131795
4.6301	-0.475888	0.293728	0.225127	0.130208
4.6401	-0.476112	0.29324	0.224461	0.130114
4.6501	-0.470752	0.28664	0.221487	0.127798
4.6601	-0.477552	0.292528	0.227397	0.130743
4.6701	-0.47416	0.292192	0.223398	0.12822
4.6801	-0.473168	0.289888	0.222297	0.127448
4.6901	-0.464544	0.287696	0.216952	0.123021
4.7001	-0.471264	0.295656	0.222157	0.128685
4.7101	-0.47144	0.289096	0.216249	0.121328
4.7201	-0.462704	0.283624	0.211373	0.121222
4.7301	-0.46376	0.288432	0.210008	0.118707
4.7401	-0.467104	0.291288	0.218176	0.126342
4.7501	-0.469536	0.28832	0.21523	0.122481
4.7601	-0.465776	0.287064	0.214762	0.120825
4.7701	-0.461408	0.288968	0.215447	0.121034
4.7801	-0.457792	0.285528	0.210651	0.121576
4.7901	-0.464176	0.289328	0.215591	0.124581
4.8001	-0.459424	0.286448	0.206412	0.11653
4.8101	-0.454336	0.284368	0.214529	0.12294
4.8201	-0.456864	0.28512	0.20533	0.113395
4.8301	-0.450704	0.28068	0.202266	0.112081
4.8401	-0.453568	0.28092	0.200887	0.111144
4.8501	-0.450016	0.278352	0.19893	0.113471
4.8601	-0.45392	0.28268	0.209529	0.116629
4.8701	-0.457968	0.287968	0.206336	0.113506
4.8801	-0.448672	0.279976	0.197245	0.111451
4.8901	-0.447808	0.27712	0.197503	0.109868
4.9001	-0.434976	0.273544	0.190468	0.108473
4.9101	-0.447792	0.282896	0.199767	0.112223
4.9201	-0.4432	0.279224	0.19759	0.110224
4.9301	-0.445296	0.279168	0.201456	0.113207
4.9401	-0.44264	0.279296	0.198594	0.111577
4.9501	-0.44272	0.276696	0.195467	0.110752
4.9601	-0.4432	0.280056	0.193941	0.109847
4.9701	-0.432736	0.272536	0.189775	0.102883
4.9801	-0.442144	0.277576	0.191713	0.106002
4.9901	-0.4428	0.280192	0.195978	0.108701
5.0001	-0.432384	0.272152	0.186802	0.104521
