#T	<E>/N	<M>/N	chi/N	C/N
0.0001	-2	1	0	0
0.0101	-2	1	0	0
0.0201	-2	1	0	0
0.0301	-2	1	0	0
0.0401	-2	1	0	0
0.0501	-2	1	0	0
0.0601	-1.99974	0.999936	0.00212808	0.566544
0.0701	-1.99987	0.999968	0.000912616	0.2083
0.0801	-1.99978	0.999944	0.00139727	0.279106
0.0901	-1.99978	0.999944	0.00124219	0.220589
0.1001	-1.99958	0.999896	0.00207522	0.331704
0.1101	-1.99981	0.999952	0.000871411	0.126636
0.1201	-1.99952	0.99988	0.00199534	0.265823
0.1301	-1.99968	0.99992	0.00122859	0.151095
0.1401	-1.99997	0.999992	0.000114193	0.0130413
0.1501	-1.99968	0.99992	0.00106489	0.113513
0.1601	-1.99978	0.999944	0.000699073	0.0698636
0.1701	-1.99981	0.999952	0.000564035	0.0530545
0.1801	-1.99984	0.99996	0.000443976	0.0394426
0.1901	-1.99981	0.999952	0.000504694	0.0424782
0.2001	-1.99936	0.99984	0.001596	0.127616
0.2101	-1.9993	0.999824	0.00167171	0.127308
0.2201	-1.99949	0.999872	0.00116125	0.0844159
0.2301	-1.99885	0.999712	0.00249425	0.173437
0.2401	-1.9983	0.999576	0.00364642	0.242993
0.2501	-1.99709	0.999272	0.00589664	0.377234
0.2601	-1.99702	0.999256	0.0057907	0.356214
0.2701	-1.99493	0.998728	0.00986135	0.578075
0.2801	-1.99347	0.998368	0.0114153	0.652068
0.2901	-1.99187	0.99796	0.0143673	0.781915
0.3001	-1.98992	0.99748	0.0167985	0.895623
0.3101	-1.98926	0.997312	0.0170634	0.875839
0.3201	-1.98634	0.996576	0.0216773	1.075
0.3301	-1.98291	0.995696	0.0268067	1.26744
0.3401	-1.97846	0.994552	0.033149	1.49992
0.3501	-1.97656	0.994112	0.033537	1.50817
0.3601	-1.96675	0.99164	0.0471779	2.05722
0.3701	-1.96858	0.99204	0.0437502	1.80742
0.3801	-1.9615	0.990264	0.0518975	2.10022
0.3901	-1.95443	0.988432	0.0618881	2.39757
0.4001	-1.95262	0.98804	0.0598849	2.31254
0.4101	-1.9417	0.985224	0.0708455	2.6448
0.4201	-1.93461	0.983496	0.0797297	2.94051
0.4301	-1.92582	0.98124	0.0880576	3.14099
0.4401	-1.91789	0.978896	0.101071	3.32552
0.4501	-1.91053	0.977072	0.105954	3.44308
0.4601	-1.90549	0.975784	0.109845	3.49723
0.4701	-1.89509	0.97312	0.118206	3.69634
0.4801	-1.8829	0.969824	0.135345	4.07114
0.4901	-1.87904	0.968744	0.138177	4.02458
0.5001	-1.86326	0.964496	0.151791	4.22144
0.5101	-1.85654	0.962912	0.150833	4.20771
0.5201	-1.84411	0.9594	0.165797	4.42774
0.5301	-1.83459	0.956712	0.17105	4.41945
0.5401	-1.81594	0.951624	0.190554	4.7758
0.5501	-1.81434	0.951224	0.193351	4.70123
0.5601	-1.80562	0.948752	0.195631	4.60961
0.5701	-1.79043	0.94424	0.226035	5.05445
0.5801	-1.77034	0.938816	0.238712	5.24495
0.5901	-1.76669	0.93804	0.23211	5.0669
0.6001	-1.75482	0.934696	0.233816	4.97852
0.6101	-1.74067	0.930824	0.250239	5.19811
0.6201	-1.72539	0.926168	0.271996	5.3201
0.6301	-1.71467	0.923448	0.26892	5.32332
0.6401	-1.69723	0.917672	0.295517	5.43752
0.6501	-1.68755	0.91516	0.297318	5.42216
0.6601	-1.68515	0.914584	0.284252	5.12045
0.6701	-1.6668	0.908568	0.331241	5.62971
0.6801	-1.64938	0.902984	0.340811	5.50117
0.6901	-1.63784	0.899816	0.350661	5.56719
0.7001	-1.62427	0.895944	0.3447	5.36583
0.7101	-1.60667	0.889712	0.389007	5.72279
0.7201	-1.58149	0.881976	0.40292	5.77397
0.7301	-1.5845	0.883304	0.386247	5.56357
0.7401	-1.58448	0.883664	0.379344	5.3392
0.7501	-1.56958	0.878904	0.384762	5.28409
0.7601	-1.54957	0.872392	0.409958	5.47451
0.7701	-1.5465	0.871112	0.415625	5.3975
0.7801	-1.52509	0.863992	0.458148	5.71518
0.7901	-1.50925	0.85756	0.488914	5.61212
0.8001	-1.49258	0.853344	0.458578	5.36548
0.8101	-1.48043	0.847968	0.492794	5.43563
0.8201	-1.45965	0.841432	0.51923	5.53661
0.8301	-1.4707	0.844744	0.507309	5.40871
0.8401	-1.44141	0.834592	0.532438	5.36573
0.8501	-1.42739	0.829568	0.552819	5.37473
0.8601	-1.4269	0.829568	0.53802	5.30437
0.8701	-1.42651	0.8286	0.550924	5.11349
0.8801	-1.40018	0.819784	0.564125	5.25323
0.8901	-1.38058	0.811192	0.616781	5.20533
0.9001	-1.3707	0.808096	0.615711	5.16106
0.9101	-1.35811	0.803304	0.6243	5.20005
0.9201	-1.34994	0.799888	0.636765	5.06426
0.9301	-1.33763	0.795552	0.633413	4.96832
0.9401	-1.33211	0.792632	0.656291	4.96953
0.9501	-1.33206	0.793528	0.627682	4.76777
0.9601	-1.30846	0.782856	0.687774	4.83243
0.9701	-1.30662	0.782232	0.702785	4.90099
0.9801	-1.28384	0.771888	0.757624	4.97746
0.9901	-1.27374	0.769888	0.700264	4.67572
1.0001	-1.28173	0.772504	0.687782	4.53214
1.0101	-1.26781	0.765424	0.746731	4.64728
1.0201	-1.26138	0.761304	0.760966	4.58371
1.0301	-1.2363	0.753152	0.764333	4.48909
1.0401	-1.23885	0.75408	0.743148	4.40131
1.0501	-1.22218	0.747248	0.762044	4.28372
1.0601	-1.21213	0.74316	0.765149	4.29752
1.0701	-1.2047	0.737056	0.804104	4.16095
1.0801	-1.21216	0.74196	0.762307	4.15112
1.0901	-1.20227	0.7366	0.785505	4.11181
1.1001	-1.18546	0.72888	0.820679	4.06386
1.1101	-1.1717	0.721864	0.835219	3.96987
1.1201	-1.1669	0.718456	0.857413	4.01209
1.1301	-1.16176	0.714432	0.886853	4.02979
1.1401	-1.14213	0.704856	0.916855	3.90879
1.1501	-1.13653	0.704976	0.887343	3.92349
1.1601	-1.1319	0.703	0.861256	3.69243
1.1701	-1.12842	0.701632	0.874576	3.79131
1.1801	-1.11336	0.69196	0.903266	3.69747
1.1901	-1.1149	0.693432	0.881957	3.57419
1.2001	-1.10562	0.6896	0.880753	3.49609
1.2101	-1.09939	0.685088	0.908243	3.46595
1.2201	-1.08579	0.677624	0.929238	3.44947
1.2301	-1.0864	0.675552	0.94079	3.40631
1.2401	-1.08168	0.674584	0.912432	3.2725
1.2501	-1.0621	0.664	0.957978	3.28653
1.2601	-1.0611	0.664472	0.925238	3.15858
1.2701	-1.04742	0.655752	0.972702	3.20011
1.2801	-1.04731	0.65636	0.957548	3.16904
1.2901	-1.04133	0.652288	0.972626	3.16102
1.3001	-1.03651	0.649584	0.984693	3.12504
1.3101	-1.04334	0.651936	0.940745	2.97025
1.3201	-1.03082	0.649552	0.911682	2.89782
1.3301	-1.02621	0.641184	0.996663	3.04486
1.3401	-1.02136	0.638192	0.996784	2.86315
1.3501	-1.01947	0.639512	0.954023	2.77452
1.3601	-1.00736	0.63364	0.960174	2.79273
1.3701	-0.990832	0.621448	1.008	2.76244
1.3801	-0.985056	0.618376	0.985962	2.69164
1.3901	-0.992656	0.61932	1.00134	2.66056
1.4001	-0.982176	0.61584	0.987403	2.61507
1.4101	-0.976672	0.614456	0.966791	2.57455
1.4201	-0.968208	0.609064	0.979724	2.4815
1.4301	-0.96768	0.606368	0.992341	2.51261
1.4401	-0.963696	0.605736	0.97275	2.41364
1.4501	-0.951728	0.59832	0.988065	2.42321
1.4601	-0.955392	0.599224	0.997806	2.438
1.4701	-0.956176	0.600888	0.958931	2.34929
1.4801	-0.94696	0.592904	0.993277	2.31319
1.4901	-0.937056	0.588008	0.976969	2.24117
1.5001	-0.931904	0.582864	0.996789	2.23144
1.5101	-0.929888	0.583424	0.972383	2.17078
1.5201	-0.934656	0.587872	0.959707	2.225
1.5301	-0.924272	0.579712	0.965217	2.1478
1.5401	-0.929072	0.582168	0.961498	2.15143
1.5501	-0.916624	0.573768	0.978701	2.1209
1.5601	-0.909056	0.566952	0.971184	1.96788
1.5701	-0.909408	0.566896	0.975955	1.98459
1.5801	-0.900864	0.565336	0.96518	1.96723
1.5901	-0.88976	0.55464	0.988266	1.92213
1.6001	-0.890304	0.557648	0.963593	1.90982
1.6101	-0.894768	0.560064	0.958529	1.90472
1.6201	-0.87632	0.54568	0.96683	1.83302
1.6301	-0.877728	0.54728	0.955104	1.7944
1.6401	-0.872144	0.544152	0.966727	1.81077
1.6501	-0.869328	0.541344	0.969058	1.78244
1.6601	-0.865328	0.539568	0.956277	1.74172
1.6701	-0.853104	0.533632	0.952562	1.7065
1.6801	-0.86584	0.538368	0.937647	1.68154
1.6901	-0.850368	0.528224	0.944686	1.6618
1.7001	-0.848448	0.528296	0.939798	1.66733
1.7101	-0.853552	0.531688	0.935426	1.62466
1.7201	-0.852848	0.52984	0.938817	1.60438
1.7301	-0.841712	0.525936	0.913343	1.57946
1.7401	-0.850608	0.526896	0.919632	1.54887
1.7501	-0.83864	0.522552	0.904879	1.53049
1.7601	-0.842688	0.520152	0.917302	1.5257
1.7701	-0.827424	0.516592	0.89678	1.48024
1.7801	-0.8256	0.511608	0.909369	1.4178
1.7901	-0.83152	0.51132	0.915357	1.45629
1.8001	-0.815888	0.504304	0.870325	1.35348
1.8101	-0.815392	0.506064	0.87536	1.36189
1.8201	-0.820976	0.5074	0.888399	1.38106
1.8301	-0.823184	0.50656	0.898956	1.36467
1.8401	-0.804048	0.495728	0.885026	1.33951
1.8501	-0.813072	0.5002	0.866119	1.31298
1.8601	-0.811776	0.497128	0.877438	1.29407
1.8701	-0.802224	0.493096	0.88726	1.3225
1.8801	-0.807472	0.495984	0.862174	1.27386
1.8901	-0.801728	0.490544	0.861485	1.23964
1.9001	-0.795504	0.48996	0.854313	1.23218
1.9101	-0.788	0.483872	0.833419	1.19629
1.9201	-0.793184	0.485608	0.83783	1.18845
1.9301	-0.782112	0.479024	0.847463	1.18028
1.9401	-0.775184	0.473904	0.840566	1.12945
1.9501	-0.778832	0.475152	0.825388	1.12492
1.9601	-0.780896	0.479048	0.815147	1.11591
1.9701	-0.771424	0.470112	0.82867	1.11011
1.9801	-0.769664	0.4694	0.819582	1.09213
1.9901	-0.764752	0.4674	0.807002	1.06257
2.0001	-0.770736	0.472448	0.799903	1.06257
2.0101	-0.770992	0.46964	0.820849	1.07493
2.0201	-0.764128	0.46948	0.788912	1.0396
2.0301	-0.76168	0.462312	0.804635	1.01818
2.0401	-0.75416	0.46168	0.77232	0.97607
2.0501	-0.7612	0.463584	0.780894	0.986835
2.0601	-0.749792	0.457808	0.770359	0.975157
2.0701	-0.758	0.458752	0.777443	0.986811
2.0801	-0.741376	0.448656	0.776001	0.949487
2.0901	-0.745568	0.456112	0.759546	0.941641
2.1001	-0.737584	0.446136	0.76475	0.933937
2.1101	-0.735584	0.446176	0.770014	0.936014
2.1201	-0.73656	0.449568	0.744199	0.906
2.1301	-0.72944	0.444096	0.748598	0.894485
2.1401	-0.730944	0.441096	0.736677	0.862698
2.1501	-0.727216	0.442512	0.726084	0.858671
2.1601	-0.736064	0.445008	0.741675	0.864683
2.1701	-0.729248	0.44016	0.719834	0.835877
2.1801	-0.729696	0.440792	0.725985	0.838361
2.1901	-0.727056	0.441048	0.714497	0.824108
2.2001	-0.725344	0.441232	0.706496	0.807237
2.2101	-0.720864	0.434128	0.706416	0.804074
2.2201	-0.720272	0.431904	0.703518	0.769387
2.2301	-0.717136	0.428048	0.711651	0.787581
2.2401	-0.712816	0.427688	0.711269	0.782237
2.2501	-0.7044	0.425248	0.683006	0.750664
2.2601	-0.712704	0.42956	0.679139	0.752271
2.2701	-0.711808	0.429784	0.68312	0.748521
2.2801	-0.707136	0.425744	0.686934	0.741989
2.2901	-0.698432	0.419576	0.666893	0.710396
2.3001	-0.703424	0.42272	0.665651	0.716407
2.3101	-0.692192	0.419176	0.649817	0.691932
2.3201	-0.689824	0.413552	0.661358	0.697399
2.3301	-0.69664	0.416504	0.667579	0.693271
2.3401	-0.68112	0.409952	0.655365	0.696716
2.3501	-0.688672	0.415496	0.654221	0.683883
2.3601	-0.689616	0.410288	0.648194	0.65707
2.3701	-0.682256	0.411928	0.643009	0.676011
2.3801	-0.679856	0.40596	0.63925	0.647465
2.3901	-0.685904	0.408792	0.634519	0.643934
2.4001	-0.671488	0.4034	0.619867	0.630444
2.4101	-0.676272	0.403712	0.631452	0.635309
2.4201	-0.684064	0.405848	0.621003	0.611793
2.4301	-0.669232	0.402008	0.60958	0.612325
2.4401	-0.670016	0.401072	0.605944	0.599704
2.4501	-0.665728	0.3994	0.603714	0.604578
2.4601	-0.670512	0.39848	0.611399	0.596256
2.4701	-0.668368	0.398968	0.605102	0.597767
2.4801	-0.662304	0.394512	0.600175	0.57662
2.4901	-0.66416	0.395864	0.589389	0.561721
2.5001	-0.665568	0.397608	0.596309	0.575838
2.5101	-0.657248	0.388816	0.586842	0.547115
2.5201	-0.657504	0.390632	0.585138	0.550748
2.5301	-0.654512	0.387968	0.574939	0.542858
2.5401	-0.652416	0.387648	0.570633	0.535339
2.5501	-0.6544	0.389848	0.568592	0.540432
2.5601	-0.644288	0.384512	0.560423	0.514519
2.5701	-0.648112	0.387008	0.562607	0.519993
2.5801	-0.64456	0.3866	0.561587	0.521754
2.5901	-0.638944	0.383152	0.563762	0.524866
2.6001	-0.644976	0.382968	0.546777	0.499108
2.6101	-0.64528	0.383176	0.557292	0.515684
2.6201	-0.634976	0.37696	0.539366	0.488644
2.6301	-0.634192	0.37488	0.535986	0.476818
2.6401	-0.622224	0.370984	0.521317	0.469299
2.6501	-0.64208	0.383024	0.548772	0.499534
2.6601	-0.627312	0.37248	0.535527	0.479006
2.6701	-0.625376	0.373584	0.52328	0.459835
2.6801	-0.633568	0.377304	0.522566	0.459238
2.6901	-0.6288	0.374184	0.521382	0.461925
2.7001	-0.619488	0.367984	0.520979	0.453775
2.7101	-0.629936	0.37608	0.514142	0.455127
2.7201	-0.614416	0.365344	0.501225	0.431667
2.7301	-0.617248	0.367152	0.49794	0.428042
2.7401	-0.61288	0.36424	0.498924	0.432961
2.7501	-0.613968	0.364312	0.494876	0.42703
2.7601	-0.609968	0.36312	0.492277	0.426885
2.7701	-0.609056	0.364776	0.486159	0.425412
2.7801	-0.607376	0.360208	0.481628	0.410767
2.7901	-0.610112	0.363496	0.491451	0.405697
2.8001	-0.603664	0.359584	0.486895	0.41052
2.8101	-0.611168	0.36352	0.49241	0.416835
2.8201	-0.596336	0.355096	0.469869	0.39016
2.8301	-0.602544	0.357136	0.480408	0.403522
2.8401	-0.59728	0.355208	0.466503	0.401504
2.8501	-0.602144	0.357928	0.474854	0.390648
2.8601	-0.605424	0.360264	0.462881	0.3776
2.8701	-0.591136	0.351528	0.463275	0.378487
2.8801	-0.592288	0.353664	0.454036	0.374008
2.8901	-0.58872	0.350696	0.452501	0.373493
2.9001	-0.595872	0.353232	0.451959	0.361034
2.9101	-0.594816	0.352664	0.45131	0.36842
2.9201	-0.586384	0.34768	0.445315	0.354872
2.9301	-0.587376	0.34784	0.444921	0.354744
2.9401	-0.582304	0.347936	0.441251	0.353115
2.9501	-0.585392	0.346344	0.434977	0.347339
2.9601	-0.591696	0.351952	0.442303	0.346336
2.9701	-0.583808	0.34668	0.436682	0.346126
2.9801	-0.584528	0.34908	0.441127	0.353488
2.9901	-0.581264	0.346896	0.427735	0.341538
3.0001	-0.57392	0.341216	0.426272	0.332353
3.0101	-0.5756	0.342488	0.419812	0.329736
3.0201	-0.574784	0.341384	0.414913	0.326004
3.0301	-0.57448	0.34064	0.422515	0.334175
3.0401	-0.5604	0.33596	0.40886	0.319002
3.0501	-0.56952	0.340704	0.416984	0.321239
3.0601	-0.570592	0.336672	0.407818	0.312941
3.0701	-0.569872	0.338976	0.418558	0.326501
3.0801	-0.567248	0.338992	0.397984	0.307354
3.0901	-0.562896	0.336064	0.405531	0.3074
3.1001	-0.569824	0.339432	0.412591	0.319142
3.1101	-0.562992	0.333832	0.394436	0.296286
3.1201	-0.558912	0.335128	0.392492	0.299228
3.1301	-0.556384	0.33132	0.388812	0.291475
3.1401	-0.57088	0.339104	0.392852	0.293301
3.1501	-0.553648	0.330832	0.394353	0.30052
3.1601	-0.554976	0.332736	0.390532	0.299485
3.1701	-0.557584	0.332224	0.38608	0.290737
3.1801	-0.553744	0.328808	0.37733	0.283058
3.1901	-0.556896	0.330784	0.383167	0.280145
3.2001	-0.552128	0.330224	0.379911	0.284081
3.2101	-0.54504	0.327136	0.374311	0.280698
3.2201	-0.551216	0.329544	0.374625	0.278632
3.2301	-0.546656	0.329144	0.365499	0.2733
3.2401	-0.545776	0.328888	0.371656	0.268881
3.2501	-0.545904	0.324728	0.368043	0.270825
3.2601	-0.542832	0.32456	0.364728	0.27124
3.2701	-0.538288	0.322312	0.359679	0.263988
3.2801	-0.549904	0.325048	0.369892	0.26475
3.2901	-0.538528	0.32588	0.354479	0.261835
3.3001	-0.53408	0.3188	0.352783	0.250129
3.3101	-0.532768	0.320128	0.351061	0.252269
3.3201	-0.530784	0.319888	0.34372	0.251311
3.3301	-0.536144	0.321208	0.360473	0.25651
3.3401	-0.535392	0.32432	0.353498	0.251998
3.3501	-0.531968	0.32136	0.347744	0.254212
3.3601	-0.531088	0.319912	0.350409	0.252561
3.3701	-0.530096	0.3172	0.337109	0.240669
3.3801	-0.521408	0.315112	0.33871	0.243586
3.3901	-0.531168	0.318912	0.34526	0.247492
3.4001	-0.525408	0.320752	0.342169	0.253718
3.4101	-0.522528	0.313112	0.332921	0.231104
3.4201	-0.518608	0.31628	0.336497	0.241552
3.4301	-0.525664	0.316872	0.338139	0.236924
3.4401	-0.515104	0.309152	0.328214	0.227508
3.4501	-0.518336	0.31488	0.329113	0.233005
3.4601	-0.524304	0.31484	0.32556	0.225402
3.4701	-0.508576	0.307512	0.319688	0.227962
3.4801	-0.520464	0.3128	0.332611	0.233658
3.4901	-0.51696	0.312424	0.323183	0.225301
3.5001	-0.517584	0.308728	0.318361	0.22157
3.5101	-0.51312	0.309712	0.314414	0.225146
3.5201	-0.511424	0.309272	0.320783	0.224493
3.5301	-0.518864	0.313064	0.322959	0.225132
3.5401	-0.506928	0.303376	0.310193	0.216665
3.5501	-0.508432	0.306496	0.313136	0.218013
3.5601	-0.5088	0.306416	0.308565	0.209315
3.5701	-0.502	0.30612	0.301585	0.211262
3.5801	-0.50376	0.302776	0.30975	0.211814
3.5901	-0.501616	0.306216	0.310245	0.21438
3.6001	-0.499776	0.30616	0.30371	0.210266
3.6101	-0.500448	0.30628	0.301678	0.205024
3.6201	-0.500448	0.302832	0.299941	0.207487
3.6301	-0.496448	0.303616	0.298502	0.207976
3.6401	-0.491056	0.30308	0.297656	0.200681
3.6501	-0.490736	0.298232	0.289104	0.195945
3.6601	-0.492352	0.299952	0.291078	0.196297
3.6701	-0.49648	0.303544	0.292286	0.196661
3.6801	-0.494128	0.300624	0.288946	0.196351
3.6901	-0.497952	0.303696	0.296814	0.196689
3.7001	-0.491776	0.298296	0.286894	0.192466
3.7101	-0.490704	0.300656	0.282754	0.191576
3.7201	-0.492656	0.298984	0.28628	0.188966
3.7301	-0.48824	0.298592	0.283565	0.186676
3.7401	-0.486224	0.295056	0.283038	0.186774
3.7501	-0.484336	0.298592	0.27718	0.185688
3.7601	-0.484512	0.300224	0.278924	0.183268
3.7701	-0.487712	0.297784	0.278252	0.185344
3.7801	-0.488064	0.29628	0.27556	0.183979
3.7901	-0.47792	0.295176	0.275873	0.18749
3.8001	-0.482	0.297584	0.272325	0.182339
3.8101	-0.472912	0.292496	0.268877	0.176163
3.8201	-0.476864	0.296456	0.274924	0.179618
3.8301	-0.476752	0.29116	0.269772	0.17327
3.8401	-0.466656	0.289304	0.259034	0.170557
3.8501	-0.47584	0.290648	0.266806	0.169926
3.8601	-0.468256	0.287568	0.262495	0.174738
3.8701	-0.473856	0.291856	0.264263	0.174157
3.8801	-0.46984	0.290704	0.2589	0.169504
3.8901	-0.464176	0.2882	0.263586	0.170328
3.9001	-0.475632	0.292088	0.26233	0.168767
3.9101	-0.477168	0.293864	0.271071	0.17858
3.9201	-0.472272	0.289224	0.258508	0.168149
3.9301	-0.462	0.286864	0.253992	0.169842
3.9401	-0.46576	0.289024	0.256687	0.164171
3.9501	-0.46424	0.288648	0.258781	0.165253
3.9601	-0.465968	0.289368	0.259557	0.169048
3.9701	-0.465312	0.288816	0.25045	0.159454
3.9801	-0.46416	0.286824	0.251934	0.160513
3.9901	-0.456912	0.285088	0.244451	0.160312
4.0001	-0.45368	0.28248	0.245387	0.15507
4.0101	-0.461536	0.285392	0.245822	0.155975
4.0201	-0.450992	0.281744	0.237595	0.152881
4.0301	-0.453968	0.284072	0.244096	0.154747
4.0401	-0.456144	0.285608	0.239843	0.155419
4.0501	-0.458816	0.286152	0.245303	0.154563
4.0601	-0.452896	0.281824	0.235891	0.151389
4.0701	-0.458448	0.28532	0.238535	0.152282
4.0801	-0.452384	0.28276	0.234657	0.149451
4.0901	-0.454752	0.285584	0.235829	0.148388
4.1001	-0.448576	0.278616	0.236201	0.148157
4.1101	-0.447728	0.283168	0.236507	0.154086
4.1201	-0.44928	0.278784	0.233531	0.148121
4.1301	-0.446528	0.280024	0.23053	0.1462
4.1401	-0.44504	0.279832	0.22777	0.141784
4.1501	-0.450896	0.282552	0.236057	0.145987
4.1601	-0.445104	0.278448	0.232257	0.14313
4.1701	-0.440848	0.276336	0.223899	0.138694
4.1801	-0.444432	0.279616	0.231726	0.146663
4.1901	-0.439136	0.275424	0.2229	0.139992
4.2001	-0.436096	0.277728	0.221206	0.139897
4.2101	-0.437472	0.2756	0.221371	0.136751
4.2201	-0.4388	0.276816	0.220333	0.137338
4.2301	-0.435296	0.273392	0.217095	0.136269
4.2401	-0.43424	0.270968	0.215827	0.135722
4.2501	-0.441248	0.276256	0.225094	0.139723
4.2601	-0.442448	0.278536	0.222799	0.13602
4.2701	-0.433776	0.273872	0.221474	0.1386
4.2801	-0.43448	0.2742	0.220161	0.134855
4.2901	-0.431728	0.270984	0.217729	0.135615
4.3001	-0.437104	0.275984	0.221378	0.135772
4.3101	-0.432752	0.270968	0.214445	0.129964
4.3201	-0.434976	0.27536	0.217552	0.128781
4.3301	-0.433328	0.276312	0.212103	0.12776
4.3401	-0.426272	0.272104	0.206836	0.128712
4.3501	-0.435024	0.275664	0.20938	0.12615
4.3601	-0.424768	0.27176	0.210923	0.130813
4.3701	-0.433008	0.275128	0.216416	0.131572
4.3801	-0.427696	0.275376	0.207851	0.126808
4.3901	-0.430976	0.272504	0.210113	0.127546
4.4001	-0.427696	0.274352	0.205894	0.12665
4.4101	-0.420432	0.270952	0.199394	0.12263
4.4201	-0.417712	0.26852	0.205661	0.127607
4.4301	-0.42464	0.272696	0.202959	0.12263
4.4401	-0.420464	0.268424	0.202142	0.123716
4.4501	-0.418256	0.269376	0.199272	0.121129
4.4601	-0.418208	0.268472	0.200022	0.11928
4.4701	-0.41832	0.268264	0.200113	0.118578
4.4801	-0.419072	0.271512	0.203468	0.123164
4.4901	-0.410688	0.265288	0.19718	0.121414
4.5001	-0.413856	0.266112	0.197495	0.119502
4.5101	-0.417824	0.26824	0.195139	0.117541
4.5201	-0.408672	0.266584	0.196172	0.118333
4.5301	-0.411792	0.265936	0.195298	0.11808
4.5401	-0.410448	0.267488	0.194066	0.114616
4.5501	-0.410848	0.265352	0.196911	0.115181
4.5601	-0.4096	0.265656	0.189657	0.112731
4.5701	-0.412464	0.267408	0.191051	0.115193
4.5801	-0.4092	0.265184	0.189128	0.11422
4.5901	-0.406368	0.264	0.188705	0.113001
4.6001	-0.406416	0.265832	0.186588	0.113129
4.6101	-0.404688	0.263208	0.189221	0.110897
4.6201	-0.401312	0.26192	0.184485	0.111535
4.6301	-0.405248	0.263904	0.188088	0.112284
4.6401	-0.401872	0.262504	0.18624	0.112295
4.6501	-0.400528	0.26292	0.183432	0.108898
4.6601	-0.407584	0.263344	0.189203	0.10772
4.6701	-0.397936	0.261064	0.185009	0.11041
4.6801	-0.405328	0.264032	0.184296	0.109449
4.6901	-0.398784	0.263656	0.188815	0.111053
4.7001	-0.401072	0.26168	0.18586	0.10891
4.7101	-0.403008	0.261032	0.185728	0.109336
4.7201	-0.399984	0.2622	0.186667	0.11007
4.7301	-0.398048	0.260776	0.183639	0.109083
4.7401	-0.40216	0.261392	0.181137	0.105794
4.7501	-0.3956	0.25988	0.180592	0.107982
4.7601	-0.39128	0.258944	0.178273	0.103981
4.7701	-0.389824	0.257368	0.174818	0.1034
4.7801	-0.399776	0.263816	0.180193	0.104851
4.7901	-0.391952	0.258248	0.173978	0.103152
4.8001	-0.388912	0.257192	0.173284	0.102887
4.8101	-0.39056	0.258896	0.176043	0.102101
4.8201	-0.394528	0.258584	0.176582	0.102331
4.8301	-0.391936	0.260192	0.180438	0.101662
4.8401	-0.391664	0.261888	0.178084	0.102065
4.8501	-0.386848	0.258624	0.174195	0.100498
4.8601	-0.389136	0.260552	0.172454	0.101143
4.8701	-0.385376	0.255656	0.169738	0.0970514
4.8801	-0.388832	0.255624	0.171887	0.100875
4.8901	-0.387952	0.259328	0.177254	0.104368
4.9001	-0.377696	0.253984	0.166215	0.0960832
4.9101	-0.388976	0.258864	0.172686	0.0980385
4.9201	-0.389328	0.257792	0.171741	0.095512
4.9301	-0.378944	0.253	0.16628	0.095605
4.9401	-0.378576	0.253208	0.165507	0.0946385
4.9501	-0.38288	0.256496	0.165443	0.0945276
4.9601	-0.377904	0.252464	0.16151	0.0912354
4.9701	-0.382064	0.253928	0.163425	0.0951359
4.9801	-0.378192	0.255488	0.162931	0.0916728
4.9901	-0.379552	0.254264	0.166275	0.0949334
5.0001	-0.375056	0.251168	0.15938	0.090953
