#T	<E>/N	<M>/N	chi/N	C/N
0.0001	-2	1	0	0
0.0101	-2	1	0	0
0.0201	-2	1	0	0
0.0301	-2	1	0	0
0.0401	-2	1	0	0
0.0501	-2	1	0	0
0.0601	-1.99962	0.999904	0.00319084	0.849475
0.0701	-1.99965	0.999912	0.00250794	0.572425
0.0801	-1.99984	0.99996	0.000998252	0.199401
0.0901	-1.99974	0.999936	0.00141951	0.252077
0.1001	-1.99965	0.999912	0.00175631	0.280729
0.1101	-1.99958	0.999896	0.00188674	0.274185
0.1201	-1.99968	0.99992	0.00133089	0.177304
0.1301	-1.99971	0.999928	0.00110584	0.135999
0.1401	-1.99994	0.999984	0.000228363	0.02608
0.1501	-1.99955	0.999888	0.00149025	0.158854
0.1601	-1.99987	0.999968	0.00039959	0.0399341
0.1701	-1.99981	0.999952	0.000564035	0.0530545
0.1801	-1.99984	0.99996	0.000443976	0.0394426
0.1901	-1.99987	0.999968	0.00033653	0.0283245
0.2001	-1.9993	0.999824	0.00175525	0.14035
0.2101	-1.99917	0.999792	0.00197486	0.150394
0.2201	-1.99898	0.999744	0.00231877	0.168561
0.2301	-1.99901	0.999752	0.0021489	0.149424
0.2401	-1.99709	0.999272	0.00600896	0.40043
0.2501	-1.99798	0.999496	0.00413295	0.264403
0.2601	-1.99651	0.999128	0.00663203	0.407968
0.2701	-1.99522	0.9988	0.00887079	0.519393
0.2801	-1.99322	0.998304	0.0120817	0.690137
0.2901	-1.9912	0.9978	0.0154119	0.85002
0.3001	-1.99069	0.997672	0.0154899	0.825851
0.3101	-1.98576	0.99644	0.0226609	1.16922
0.3201	-1.98547	0.996368	0.0226623	1.13276
0.3301	-1.98294	0.995736	0.0251362	1.21836
0.3401	-1.97896	0.994696	0.0320397	1.46631
0.3501	-1.97304	0.99324	0.0380964	1.72366
0.3601	-1.96885	0.992184	0.044412	1.95048
0.3701	-1.96501	0.991224	0.0478426	2.04685
0.3801	-1.95328	0.988272	0.0636921	2.63988
0.3901	-1.95691	0.98916	0.0527207	2.11616
0.4001	-1.94339	0.985784	0.068432	2.68516
0.4101	-1.94394	0.98592	0.0664907	2.55426
0.4201	-1.9363	0.983984	0.075304	2.81196
0.4301	-1.92357	0.980728	0.0871489	3.14178
0.4401	-1.92074	0.980032	0.0904158	3.20905
0.4501	-1.9092	0.977056	0.100083	3.41385
0.4601	-1.90342	0.975592	0.106277	3.55616
0.4701	-1.90019	0.974768	0.10419	3.41229
0.4801	-1.88526	0.970856	0.118237	3.73197
0.4901	-1.87262	0.967544	0.133885	4.0839
0.5001	-1.86766	0.9664	0.135269	4.1215
0.5101	-1.84699	0.960864	0.151714	4.40468
0.5201	-1.83541	0.958024	0.157567	4.49881
0.5301	-1.83192	0.957104	0.156315	4.37958
0.5401	-1.826	0.955488	0.158732	4.35908
0.5501	-1.80986	0.951352	0.170882	4.58582
0.5601	-1.79502	0.947392	0.184013	4.78662
0.5701	-1.78318	0.944184	0.185487	4.69091
0.5801	-1.76718	0.939728	0.204375	4.96758
0.5901	-1.76142	0.938256	0.205341	4.93616
0.6001	-1.74613	0.934328	0.206905	4.89309
0.6101	-1.7429	0.933216	0.224831	5.15232
0.6201	-1.72214	0.927792	0.225335	5.06412
0.6301	-1.69829	0.92148	0.244522	5.40891
0.6401	-1.68614	0.918264	0.253868	5.41632
0.6501	-1.6825	0.917088	0.24643	5.22891
0.6601	-1.65968	0.910904	0.264632	5.42994
0.6701	-1.65434	0.909288	0.249747	5.00199
0.6801	-1.64856	0.907872	0.26086	5.14906
0.6901	-1.63134	0.902624	0.273636	5.20805
0.7001	-1.60187	0.895096	0.286357	5.38604
0.7101	-1.60134	0.894672	0.276866	5.08928
0.7201	-1.57514	0.887288	0.297003	5.31241
0.7301	-1.56859	0.88544	0.298124	5.25603
0.7401	-1.5447	0.878632	0.326552	5.57916
0.7501	-1.54477	0.878536	0.30841	5.19125
0.7601	-1.53067	0.874088	0.322724	5.20556
0.7701	-1.50864	0.867576	0.329657	5.24532
0.7801	-1.49555	0.864528	0.334192	5.31183
0.7901	-1.48109	0.858976	0.345543	5.18273
0.8001	-1.45475	0.85248	0.34389	5.12042
0.8101	-1.45061	0.85008	0.349334	4.99898
0.8201	-1.44299	0.848872	0.344661	5.00575
0.8301	-1.42242	0.842936	0.362318	5.0691
0.8401	-1.41853	0.840376	0.375513	5.04913
0.8501	-1.40778	0.83712	0.356796	4.74174
0.8601	-1.39624	0.833112	0.37214	4.60336
0.8701	-1.37315	0.826944	0.369974	4.68401
0.8801	-1.35578	0.821904	0.380981	4.76066
0.8901	-1.35406	0.82004	0.385008	4.63589
0.9001	-1.3417	0.817264	0.383749	4.49789
0.9101	-1.31882	0.809976	0.399613	4.65955
0.9201	-1.30022	0.802792	0.411535	4.50792
0.9301	-1.29243	0.8004	0.4111	4.4122
0.9401	-1.28334	0.797392	0.424829	4.53188
0.9501	-1.2743	0.795368	0.409194	4.36238
0.9601	-1.25526	0.788736	0.440383	4.36388
0.9701	-1.24426	0.784312	0.434684	4.26281
0.9801	-1.23638	0.78232	0.4391	4.27567
0.9901	-1.22562	0.77668	0.474946	4.35137
1.0001	-1.21638	0.774832	0.451095	4.09205
1.0101	-1.2031	0.769048	0.445755	3.98616
1.0201	-1.1831	0.761264	0.496822	4.17816
1.0301	-1.17266	0.75864	0.459778	3.93219
1.0401	-1.15013	0.750872	0.477967	3.85177
1.0501	-1.1556	0.752072	0.503522	3.94542
1.0601	-1.13918	0.746808	0.477224	3.70876
1.0701	-1.13096	0.742688	0.482343	3.7583
1.0801	-1.11859	0.740888	0.47756	3.65799
1.0901	-1.12678	0.740752	0.484699	3.49095
1.1001	-1.08584	0.726672	0.539797	3.78992
1.1101	-1.10155	0.729808	0.539853	3.60057
1.1201	-1.08411	0.725088	0.510348	3.46596
1.1301	-1.07154	0.720408	0.523504	3.43694
1.1401	-1.0588	0.71572	0.520395	3.34542
1.1501	-1.0537	0.712632	0.544386	3.41513
1.1601	-1.05568	0.711008	0.530377	3.1732
1.1701	-1.0313	0.704104	0.530405	3.16259
1.1801	-1.02574	0.700472	0.534275	3.16938
1.1901	-1.00981	0.694368	0.564355	3.24076
1.2001	-1.01179	0.692632	0.577601	3.12402
1.2101	-1.00067	0.687008	0.581866	3.07975
1.2201	-0.98864	0.68444	0.591823	3.04795
1.2301	-0.99128	0.682672	0.580387	2.93423
1.2401	-0.977568	0.678032	0.575256	2.84356
1.2501	-0.975104	0.675376	0.594443	2.8309
1.2601	-0.958496	0.664264	0.64734	2.89434
1.2701	-0.949472	0.662232	0.6308	2.86408
1.2801	-0.951344	0.66648	0.606208	2.78256
1.2901	-0.936768	0.65848	0.599152	2.64255
1.3001	-0.929456	0.652416	0.630488	2.6775
1.3101	-0.919952	0.650856	0.613106	2.65699
1.3201	-0.914176	0.6456	0.644836	2.56489
1.3301	-0.902192	0.640832	0.651487	2.58865
1.3401	-0.90472	0.64036	0.651507	2.5458
1.3501	-0.894432	0.638288	0.621055	2.42446
1.3601	-0.878608	0.627352	0.66214	2.48905
1.3701	-0.87856	0.625768	0.678812	2.46768
1.3801	-0.878176	0.625384	0.663328	2.39171
1.3901	-0.867488	0.62144	0.667759	2.31126
1.4001	-0.86456	0.613928	0.707285	2.3467
1.4101	-0.860624	0.61504	0.682012	2.20282
1.4201	-0.855312	0.60908	0.694466	2.22448
1.4301	-0.851584	0.608752	0.67858	2.15604
1.4401	-0.83544	0.606592	0.651445	2.13388
1.4501	-0.84088	0.605456	0.678149	2.13912
1.4601	-0.84032	0.601208	0.668083	2.09983
1.4701	-0.833568	0.59868	0.699232	2.14127
1.4801	-0.818928	0.591808	0.686236	2.05349
1.4901	-0.818	0.588152	0.710585	2.08025
1.5001	-0.806528	0.580216	0.713077	1.97172
1.5101	-0.793344	0.577104	0.700657	1.96127
1.5201	-0.774336	0.5654	0.743093	2.00773
1.5301	-0.791728	0.571144	0.730702	1.95305
1.5401	-0.783904	0.567648	0.705997	1.80391
1.5501	-0.783904	0.569176	0.713455	1.86712
1.5601	-0.785312	0.567608	0.697879	1.74804
1.5701	-0.77528	0.561088	0.754929	1.91042
1.5801	-0.7652	0.55372	0.722652	1.72876
1.5901	-0.754336	0.549664	0.718174	1.65485
1.6001	-0.76456	0.549904	0.721762	1.67982
1.6101	-0.752	0.545504	0.729174	1.65099
1.6201	-0.760336	0.549216	0.719287	1.67411
1.6301	-0.757168	0.543088	0.736947	1.68374
1.6401	-0.740656	0.53584	0.745437	1.65791
1.6501	-0.738304	0.534176	0.734772	1.59573
1.6601	-0.732928	0.53648	0.703414	1.56504
1.6701	-0.736528	0.5328	0.71578	1.55052
1.6801	-0.718	0.525264	0.712536	1.49038
1.6901	-0.740992	0.5314	0.744533	1.6309
1.7001	-0.726144	0.523304	0.732681	1.49032
1.7101	-0.715216	0.517928	0.713692	1.45904
1.7201	-0.71248	0.51344	0.721956	1.38991
1.7301	-0.70976	0.51504	0.715941	1.4552
1.7401	-0.706	0.503712	0.736063	1.42376
1.7501	-0.70352	0.507752	0.747428	1.43481
1.7601	-0.693664	0.50492	0.698394	1.393
1.7701	-0.694832	0.505648	0.704106	1.34688
1.7801	-0.697088	0.500184	0.715442	1.31696
1.7901	-0.682896	0.494224	0.719172	1.29602
1.8001	-0.682016	0.489968	0.704323	1.25
1.8101	-0.689472	0.495144	0.704895	1.26146
1.8201	-0.68664	0.483704	0.751278	1.28354
1.8301	-0.667968	0.485272	0.696605	1.2358
1.8401	-0.685216	0.486288	0.743109	1.29274
1.8501	-0.662608	0.479608	0.730821	1.27078
1.8601	-0.663104	0.478432	0.683405	1.16902
1.8701	-0.659792	0.474368	0.712128	1.20302
1.8801	-0.668944	0.47736	0.685913	1.13633
1.8901	-0.668736	0.47704	0.727431	1.21328
1.9001	-0.658928	0.471168	0.692849	1.14298
1.9101	-0.665568	0.476384	0.678679	1.11604
1.9201	-0.65592	0.46668	0.707103	1.16549
1.9301	-0.657296	0.462672	0.69515	1.0729
1.9401	-0.6416	0.454544	0.705147	1.0619
1.9501	-0.655056	0.469768	0.679222	1.09554
1.9601	-0.649872	0.455384	0.699109	1.03649
1.9701	-0.642224	0.45572	0.686185	1.02241
1.9801	-0.645536	0.45352	0.66864	0.98083
1.9901	-0.637936	0.455664	0.652	0.999928
2.0001	-0.641408	0.449336	0.686644	1.03124
2.0101	-0.641824	0.450864	0.680512	0.977632
2.0201	-0.637216	0.44688	0.696996	1.01048
2.0301	-0.633984	0.446168	0.652985	0.918852
2.0401	-0.636608	0.450176	0.658605	0.949473
2.0501	-0.623888	0.440192	0.673621	0.957152
2.0601	-0.612496	0.438592	0.664161	0.947066
2.0701	-0.61952	0.432928	0.659275	0.916756
2.0801	-0.6148	0.43196	0.65783	0.863851
2.0901	-0.618304	0.434664	0.642913	0.867826
2.1001	-0.60152	0.423504	0.630727	0.836704
2.1101	-0.59232	0.417792	0.641724	0.843085
2.1201	-0.605584	0.428512	0.63547	0.843542
2.1301	-0.600096	0.429336	0.61363	0.832349
2.1401	-0.6044	0.427392	0.63605	0.855791
2.1501	-0.613408	0.426056	0.635231	0.859379
2.1601	-0.589664	0.420464	0.600992	0.798201
2.1701	-0.600752	0.41912	0.61277	0.784176
2.1801	-0.594512	0.412152	0.614396	0.797163
2.1901	-0.60496	0.416736	0.620277	0.771201
2.2001	-0.58984	0.412368	0.613608	0.737588
2.2101	-0.605344	0.417136	0.609834	0.74117
2.2201	-0.599936	0.412328	0.602658	0.735991
2.2301	-0.593984	0.405424	0.605892	0.718233
2.2401	-0.587664	0.411736	0.572837	0.731492
2.2501	-0.584832	0.40648	0.59219	0.758971
2.2601	-0.585312	0.405296	0.574701	0.658784
2.2701	-0.596656	0.407568	0.598391	0.72098
2.2801	-0.586688	0.403336	0.594462	0.708978
2.2901	-0.5772	0.395944	0.599801	0.695571
2.3001	-0.579184	0.401424	0.572489	0.700833
2.3101	-0.58608	0.402072	0.585473	0.694503
2.3201	-0.576016	0.398832	0.560871	0.650179
2.3301	-0.571136	0.391728	0.569734	0.677107
2.3401	-0.563376	0.38728	0.576626	0.68462
2.3501	-0.56544	0.38888	0.564529	0.656857
2.3601	-0.560848	0.386224	0.557871	0.621409
2.3701	-0.57352	0.387448	0.569008	0.626919
2.3801	-0.563072	0.38508	0.538963	0.598306
2.3901	-0.566992	0.386968	0.536283	0.586113
2.4001	-0.566976	0.387328	0.537358	0.58214
2.4101	-0.564592	0.388824	0.546001	0.599375
2.4201	-0.553632	0.376632	0.529332	0.570429
2.4301	-0.552464	0.372824	0.537539	0.595251
2.4401	-0.555712	0.383128	0.540078	0.586147
2.4501	-0.544624	0.371896	0.53362	0.564419
2.4601	-0.553472	0.371984	0.524204	0.551853
2.4701	-0.559472	0.3746	0.522097	0.549927
2.4801	-0.545648	0.370688	0.519769	0.552656
2.4901	-0.565968	0.377336	0.545452	0.568792
2.5001	-0.550336	0.376592	0.515114	0.531204
2.5101	-0.548688	0.368608	0.504855	0.540261
2.5201	-0.544384	0.369568	0.50085	0.49964
2.5301	-0.543184	0.376584	0.512595	0.543806
2.5401	-0.539328	0.369824	0.498092	0.511109
2.5501	-0.555648	0.372976	0.515738	0.539325
2.5601	-0.543072	0.36676	0.513765	0.541033
2.5701	-0.549952	0.360904	0.475809	0.456455
2.5801	-0.54432	0.361624	0.498566	0.506238
2.5901	-0.527152	0.35748	0.481458	0.488575
2.6001	-0.53688	0.360016	0.49048	0.488618
2.6101	-0.530912	0.350416	0.481566	0.465897
2.6201	-0.538752	0.357968	0.463137	0.462927
2.6301	-0.529168	0.356392	0.490778	0.483895
2.6401	-0.54424	0.365176	0.486873	0.472177
2.6501	-0.543536	0.363296	0.475508	0.465915
2.6601	-0.529088	0.351064	0.456754	0.438176
2.6701	-0.524416	0.356704	0.45651	0.43557
2.6801	-0.530976	0.360048	0.475923	0.44893
2.6901	-0.532112	0.350928	0.47277	0.44247
2.7001	-0.511696	0.345224	0.447746	0.424033
2.7101	-0.516016	0.350704	0.457211	0.449384
2.7201	-0.515824	0.346224	0.43424	0.404198
2.7301	-0.517264	0.35148	0.454334	0.412241
2.7401	-0.519936	0.344648	0.4352	0.410357
2.7501	-0.531136	0.350312	0.455247	0.409372
2.7601	-0.529856	0.347904	0.433905	0.413085
2.7701	-0.518096	0.348256	0.435326	0.398382
2.7801	-0.513184	0.345464	0.45242	0.44743
2.7901	-0.50672	0.338352	0.444014	0.40744
2.8001	-0.51072	0.346808	0.427408	0.400701
2.8101	-0.50936	0.338248	0.420937	0.390057
2.8201	-0.5092	0.343056	0.433525	0.400876
2.8301	-0.498816	0.337176	0.400727	0.368282
2.8401	-0.512432	0.34756	0.42958	0.390539
2.8501	-0.515584	0.345944	0.433289	0.38582
2.8601	-0.518768	0.334448	0.416812	0.362265
2.8701	-0.510208	0.338784	0.418609	0.362422
2.8801	-0.505792	0.33516	0.425624	0.38823
2.8901	-0.4964	0.339264	0.400286	0.370812
2.9001	-0.502976	0.332736	0.402328	0.357126
2.9101	-0.506192	0.332864	0.411672	0.363368
2.9201	-0.505312	0.33208	0.402562	0.345075
2.9301	-0.513776	0.33916	0.415071	0.365062
2.9401	-0.493136	0.330032	0.3878	0.349539
2.9501	-0.489504	0.331064	0.378915	0.334231
2.9601	-0.49048	0.330584	0.402824	0.355879
2.9701	-0.508672	0.336544	0.405882	0.357083
2.9801	-0.497072	0.332816	0.397567	0.354671
2.9901	-0.493664	0.326608	0.392879	0.352181
3.0001	-0.492688	0.32956	0.389593	0.335744
3.0101	-0.514832	0.32936	0.385046	0.314946
3.0201	-0.503968	0.330688	0.383593	0.32239
3.0301	-0.488448	0.31988	0.370427	0.310176
3.0401	-0.487344	0.325432	0.378861	0.330359
3.0501	-0.493232	0.319184	0.374865	0.322037
3.0601	-0.49536	0.321128	0.37764	0.320265
3.0701	-0.469424	0.317144	0.362991	0.307647
3.0801	-0.491344	0.322464	0.380136	0.307025
3.0901	-0.479408	0.319272	0.364359	0.30712
3.1001	-0.494704	0.322864	0.372381	0.303661
3.1101	-0.479264	0.314312	0.36211	0.301078
3.1201	-0.47904	0.314368	0.352811	0.290222
3.1301	-0.490064	0.316272	0.362203	0.290244
3.1401	-0.478448	0.314624	0.354928	0.28273
3.1501	-0.477568	0.315368	0.349238	0.289133
3.1601	-0.4736	0.309528	0.336124	0.275503
3.1701	-0.464912	0.315344	0.343843	0.291695
3.1801	-0.478224	0.318136	0.341738	0.284533
3.1901	-0.47784	0.311848	0.339932	0.260787
3.2001	-0.486752	0.31408	0.347635	0.271872
3.2101	-0.484416	0.316072	0.359226	0.291981
3.2201	-0.493312	0.320256	0.354205	0.283211
3.2301	-0.477296	0.309288	0.335498	0.266949
3.2401	-0.484576	0.314472	0.333788	0.25642
3.2501	-0.474256	0.308584	0.333205	0.246551
3.2601	-0.4692	0.308696	0.324556	0.252408
3.2701	-0.467408	0.306656	0.330127	0.257795
3.2801	-0.472912	0.31376	0.338376	0.264626
3.2901	-0.476848	0.317344	0.33438	0.259684
3.3001	-0.450592	0.301944	0.316008	0.249239
3.3101	-0.472288	0.301576	0.330787	0.255987
3.3201	-0.45968	0.308776	0.313355	0.245958
3.3301	-0.466592	0.309736	0.332432	0.254243
3.3401	-0.463584	0.302152	0.310631	0.243251
3.3501	-0.46864	0.30016	0.313863	0.22268
3.3601	-0.46312	0.304928	0.322481	0.247053
3.3701	-0.460304	0.30184	0.309853	0.238882
3.3801	-0.46392	0.30752	0.32041	0.244924
3.3901	-0.453392	0.298352	0.3156	0.246568
3.4001	-0.463712	0.307816	0.328781	0.249753
3.4101	-0.459984	0.303832	0.305002	0.229596
3.4201	-0.45016	0.303136	0.315835	0.238884
3.4301	-0.4668	0.30464	0.299977	0.222512
3.4401	-0.442832	0.296488	0.287937	0.219254
3.4501	-0.462896	0.307176	0.296316	0.221153
3.4601	-0.458224	0.297752	0.300637	0.225709
3.4701	-0.448816	0.301776	0.311576	0.24133
3.4801	-0.452176	0.301904	0.297556	0.21631
3.4901	-0.433792	0.295272	0.285665	0.222062
3.5001	-0.449296	0.298232	0.29748	0.215967
3.5101	-0.452096	0.297928	0.299902	0.233023
3.5201	-0.451168	0.29592	0.301364	0.217494
3.5301	-0.459648	0.301584	0.291944	0.217275
3.5401	-0.443136	0.297352	0.284279	0.210181
3.5501	-0.446016	0.291136	0.281206	0.206519
3.5601	-0.466064	0.296832	0.303629	0.223576
3.5701	-0.452064	0.29284	0.287236	0.208441
3.5801	-0.45144	0.291288	0.285578	0.209487
3.5901	-0.448	0.287248	0.280335	0.20758
3.6001	-0.443472	0.295144	0.275942	0.193583
3.6101	-0.434	0.290192	0.268428	0.200697
3.6201	-0.442624	0.293864	0.273427	0.198529
3.6301	-0.443808	0.29288	0.278889	0.206198
3.6401	-0.453648	0.29792	0.285532	0.209532
3.6501	-0.45016	0.293824	0.280196	0.199198
3.6601	-0.442416	0.294768	0.27734	0.197691
3.6701	-0.444096	0.289056	0.273936	0.198792
3.6801	-0.431104	0.283984	0.261242	0.183629
3.6901	-0.439408	0.286808	0.272342	0.196004
3.7001	-0.41896	0.280928	0.258547	0.189561
3.7101	-0.428	0.285408	0.267371	0.184622
3.7201	-0.432976	0.28976	0.267809	0.195676
3.7301	-0.446784	0.29252	0.271916	0.196315
3.7401	-0.434432	0.282648	0.265679	0.184743
3.7501	-0.424208	0.283096	0.259483	0.182144
3.7601	-0.425296	0.28184	0.254277	0.175912
3.7701	-0.437856	0.288368	0.268031	0.189826
3.7801	-0.4308	0.284752	0.256216	0.183781
3.7901	-0.424496	0.278568	0.253974	0.175453
3.8001	-0.445584	0.288304	0.250176	0.171724
3.8101	-0.436432	0.287504	0.253381	0.171984
3.8201	-0.421216	0.276672	0.251464	0.179302
3.8301	-0.415504	0.282616	0.24718	0.179148
3.8401	-0.421824	0.28156	0.249024	0.179062
3.8501	-0.416912	0.272784	0.251608	0.177646
3.8601	-0.434784	0.285752	0.254241	0.178763
3.8701	-0.424656	0.278744	0.240343	0.165458
3.8801	-0.40544	0.278864	0.252521	0.174881
3.8901	-0.420272	0.280744	0.246337	0.177485
3.9001	-0.423856	0.276936	0.244254	0.173749
3.9101	-0.427888	0.280184	0.245612	0.161159
3.9201	-0.428016	0.2876	0.256972	0.176186
3.9301	-0.4056	0.272736	0.226305	0.164896
3.9401	-0.41192	0.278	0.24113	0.161058
3.9501	-0.422224	0.283632	0.254403	0.176423
3.9601	-0.410272	0.279072	0.237225	0.160599
3.9701	-0.420672	0.272272	0.230719	0.156633
3.9801	-0.42632	0.278864	0.234848	0.151093
3.9901	-0.39968	0.269624	0.227029	0.156952
4.0001	-0.40904	0.27236	0.227082	0.150421
4.0101	-0.422864	0.277776	0.236755	0.164269
4.0201	-0.403184	0.27068	0.234841	0.15859
4.0301	-0.390368	0.26908	0.223759	0.151353
4.0401	-0.433792	0.290032	0.243165	0.166375
4.0501	-0.4088	0.274392	0.224958	0.152007
4.0601	-0.4116	0.274704	0.226856	0.153848
4.0701	-0.402512	0.271664	0.225722	0.151092
4.0801	-0.405312	0.27356	0.225815	0.152714
4.0901	-0.407232	0.276808	0.225352	0.148237
4.1001	-0.416304	0.273376	0.221401	0.144681
4.1101	-0.409056	0.279888	0.223193	0.148391
4.1201	-0.397472	0.273688	0.227795	0.151967
4.1301	-0.407584	0.270616	0.218592	0.143368
4.1401	-0.411424	0.270224	0.224693	0.149903
4.1501	-0.4188	0.278184	0.224888	0.15075
4.1601	-0.414624	0.28056	0.229731	0.154173
4.1701	-0.397264	0.266632	0.212184	0.136739
4.1801	-0.394848	0.263256	0.208006	0.134912
4.1901	-0.377664	0.264552	0.196341	0.128887
4.2001	-0.391552	0.26648	0.206191	0.133269
4.2101	-0.417616	0.269352	0.218141	0.133473
4.2201	-0.396992	0.273328	0.214571	0.143409
4.2301	-0.409728	0.276152	0.220772	0.149537
4.2401	-0.402352	0.265648	0.20543	0.128534
4.2501	-0.404816	0.262696	0.19971	0.125142
4.2601	-0.402864	0.27052	0.213796	0.139901
4.2701	-0.402656	0.262816	0.2044	0.131193
4.2801	-0.39056	0.267064	0.203343	0.125697
4.2901	-0.382976	0.269752	0.212541	0.142629
4.3001	-0.397312	0.26508	0.208089	0.144037
4.3101	-0.388464	0.267792	0.213939	0.13683
4.3201	-0.409936	0.273432	0.218327	0.143047
4.3301	-0.383616	0.260752	0.205686	0.129453
4.3401	-0.39248	0.267504	0.199863	0.131904
4.3501	-0.40552	0.266056	0.195045	0.119465
4.3601	-0.384432	0.263976	0.200296	0.12884
4.3701	-0.379632	0.259688	0.193132	0.123474
4.3801	-0.384944	0.255608	0.189276	0.122656
4.3901	-0.395488	0.264136	0.194079	0.121704
4.4001	-0.381968	0.261048	0.19102	0.116986
4.4101	-0.391792	0.261408	0.189485	0.114544
4.4201	-0.397872	0.261136	0.200661	0.129326
4.4301	-0.391344	0.268528	0.191513	0.116248
4.4401	-0.387328	0.26384	0.200356	0.124449
4.4501	-0.381968	0.260576	0.197477	0.123021
4.4601	-0.387552	0.259536	0.18444	0.113048
4.4701	-0.391808	0.257776	0.189842	0.123664
4.4801	-0.363728	0.254024	0.185505	0.124698
4.4901	-0.38248	0.260328	0.186053	0.119159
4.5001	-0.383424	0.263904	0.195406	0.124899
4.5101	-0.386384	0.261712	0.186452	0.116656
4.5201	-0.389168	0.259608	0.18793	0.11395
4.5301	-0.379696	0.258608	0.186539	0.116269
4.5401	-0.366016	0.260248	0.184649	0.11358
4.5501	-0.382016	0.25836	0.185615	0.117505
4.5601	-0.385024	0.26012	0.181706	0.114548
4.5701	-0.379184	0.256848	0.184897	0.108867
4.5801	-0.376608	0.259568	0.1777	0.109724
4.5901	-0.371952	0.256696	0.181889	0.115496
4.6001	-0.378784	0.25892	0.192596	0.114246
4.6101	-0.389024	0.26808	0.190038	0.109477
4.6201	-0.356272	0.253408	0.178549	0.115837
4.6301	-0.37368	0.262792	0.179253	0.107911
4.6401	-0.366736	0.250896	0.174467	0.106062
4.6501	-0.360272	0.258536	0.179778	0.107026
4.6601	-0.367744	0.252	0.170266	0.103682
4.6701	-0.373696	0.253536	0.185554	0.112066
4.6801	-0.373472	0.25732	0.182394	0.114414
4.6901	-0.377728	0.252912	0.17594	0.10455
4.7001	-0.356976	0.248888	0.163614	0.105646
4.7101	-0.366416	0.251936	0.171204	0.101478
4.7201	-0.371264	0.254256	0.169781	0.103102
4.7301	-0.350352	0.24948	0.165536	0.099837
4.7401	-0.369312	0.260224	0.175203	0.102253
4.7501	-0.373552	0.256416	0.172186	0.102361
4.7601	-0.368448	0.249224	0.172047	0.106923
4.7701	-0.37	0.249296	0.165353	0.101087
4.7801	-0.3584	0.255072	0.171608	0.100353
4.7901	-0.35776	0.243504	0.160794	0.103357
4.8001	-0.37144	0.256416	0.172066	0.101019
4.8101	-0.341872	0.248504	0.160858	0.102427
4.8201	-0.353104	0.250664	0.16665	0.0993548
4.8301	-0.35144	0.243744	0.153418	0.0895508
4.8401	-0.38176	0.263936	0.175827	0.106032
4.8501	-0.369696	0.249216	0.168077	0.0985032
4.8601	-0.352528	0.25408	0.166595	0.101354
4.8701	-0.352848	0.254	0.164996	0.102432
4.8801	-0.364288	0.25228	0.166175	0.0945079
4.8901	-0.347472	0.242424	0.159711	0.0990874
4.9001	-0.352672	0.246024	0.166009	0.0926057
4.9101	-0.345232	0.248792	0.153353	0.0886672
4.9201	-0.35712	0.248632	0.159878	0.0950395
4.9301	-0.362336	0.252536	0.163659	0.100332
4.9401	-0.353776	0.251248	0.157731	0.0928622
4.9501	-0.372896	0.254904	0.170686	0.0977181
4.9601	-0.35824	0.252968	0.159523	0.0953676
4.9701	-0.3588	0.253792	0.168002	0.0978994
4.9801	-0.353136	0.253616	0.156175	0.0916261
4.9901	-0.346528	0.247088	0.153236	0.0952687
5.0001	-0.348416	0.249	0.157262	0.0936374
